

COVARIANCE MATRIX


[[3315403382680.9663 864458.7771921211 -1170219.0759897763
  -1068846.09436969 380147.04622394533 627629.2110371107 5890729.274649087
  -136293.50187783802 -2025832.927552596 12372237.06238076
  4797696.806782422 3307335.173280531 -8385452.121316555 -802593.6938784072
  2932361.7560258824 -222072.28963832807]
 [864458.7771921211 6046.037637044254 -69.6497702280721 -6.810324971321467
  -10.179569780252603 -30.274701013209533 19.123552270192654
  -1.9102306417738608 40.79102296211761 330.6963695855714
  -15.400655544593372 52.10323467255236 662.427884630694
  -12.284299518342392 -7.524703363210154 -0.03328840312903712]
 [-1170219.0759897763 -69.6497702280721 1125.2892400822204
  -16.769676502908506 6.426194090001162 3.8394180969821443
  26.60949205581655 -0.7010616543117895 5.20337273434327 -44.15919253909606
  -3.9964896060268384 -9.657539377371094 -74.43423396429759
  9.481993779913095 -4.904928639242734 -0.44879339488512626]
 [-1068846.09436969 -6.810324971321467 -16.769676502908506
  358.1365259635232 -6.057753822517314 -6.670395054803843
  -8.275260263716005 -0.21325916659628774 -1.7338094681260483
  15.94195607421299 -3.2872740130419786 -5.353934589036503
  -50.039692049116205 16.793865106060714 -3.3947730369306934
  3.1178180694841]
 [380147.04622394533 -10.179569780252603 6.426194090001162
  -6.057753822517314 101.80157108234793 -17.920938783135792
  -2.652217805311839 0.026371789308891867 -1.995856075036553
  -8.28037497225309 -1.184597854806788 -1.8179759963553654
  -10.328578575573122 -0.9703854484824885 -0.1896994019068489
  -0.014823157514173632]
 [627629.2110371107 -30.274701013209533 3.8394180969821443
  -6.670395054803843 -17.920938783135792 2768.9593339439703
  -60.718368843442285 -1.1933020990417684 -10.912174274077021
  -78.82039187113625 -11.975678600732147 -10.577409212103175
  -63.04433254164278 87.95598118052251 -13.77835212352075
  0.1670001930306569]
 [5890729.274649087 19.123552270192654 26.60949205581655 -8.275260263716005
  -2.652217805311839 -60.718368843442285 357.88253489717266
  -1.8319904582465643 -3.1011088205056963 340.86892413150935
  2.554747875139344 19.528708097159637 -3.871487679979406
  -3.6467603931713084 9.706381134471533 -0.7003714824603409]
 [-136293.50187783802 -1.9102306417738608 -0.7010616543117895
  -0.21325916659628774 0.026371789308891867 -1.1933020990417684
  -1.8319904582465643 2.4704638507150602 -0.3300694124678749
  11.622121850340704 -0.31695290298059914 -0.018124475045077325
  -3.642721140658017 -0.07977241405841823 -0.3055100927135024
  0.01284366870093015]
 [-2025832.927552596 40.79102296211761 5.20337273434327 -1.7338094681260483
  -1.995856075036553 -10.912174274077021 -3.1011088205056963
  -0.3300694124678749 110.31649670596761 -46.979982114741915
  -1.7300931134570112 20.63347744670904 -1.530267329631529
  3.007089369377093 -4.148663673581741 0.29383286523878377]
 [12372237.06238076 330.6963695855714 -44.15919253909606 15.94195607421299
  -8.28037497225309 -78.82039187113625 340.86892413150935
  11.622121850340704 -46.979982114741915 2644.5854639321933
  -25.317258455298678 17.790692117680887 394.4729658097447
  -18.272592602972782 33.38894145805278 -2.1706415662711693]
 [4797696.806782422 -15.400655544593372 -3.9964896060268384
  -3.2872740130419786 -1.184597854806788 -11.975678600732147
  2.554747875139344 -0.31695290298059914 -1.7300931134570112
  -25.317258455298678 207.9139497380533 -4.2148695925110164
  -36.17645212834179 -1.0238366854985317 1.710923825119895
  -0.15483428969742086]
 [3307335.173280531 52.10323467255236 -9.657539377371094 -5.353934589036503
  -1.8179759963553654 -10.577409212103175 19.528708097159637
  -0.018124475045077325 20.63347744670904 17.790692117680887
  -4.2148695925110164 341.1115533220398 -74.92093611860567
  -4.283719826316975 3.3270469977002572 -0.37464654508027323]
 [-8385452.121316555 662.427884630694 -74.43423396429759
  -50.039692049116205 -10.328578575573122 -63.04433254164278
  -3.871487679979406 -3.642721140658017 -1.530267329631529
  394.4729658097447 -36.17645212834179 -74.92093611860567 3620.194178380265
  -39.715287515793804 -17.571276733678353 0.8274718372856503]
 [-802593.6938784072 -12.284299518342392 9.481993779913095
  16.793865106060714 -0.9703854484824885 87.95598118052251
  -3.6467603931713084 -0.07977241405841823 3.007089369377093
  -18.272592602972782 -1.0238366854985317 -4.283719826316975
  -39.715287515793804 38.38623176588887 -2.84356841179437
  0.08233891590291102]
 [2932361.7560258824 -7.524703363210154 -4.904928639242734
  -3.3947730369306934 -0.1896994019068489 -13.77835212352075
  9.706381134471533 -0.3055100927135024 -4.148663673581741
  33.38894145805278 1.710923825119895 3.3270469977002572
  -17.571276733678353 -2.84356841179437 56.236254248624164
  -0.5656376848434942]
 [-222072.28963832807 -0.03328840312903712 -0.44879339488512626
  3.1178180694841 -0.014823157514173632 0.1670001930306569
  -0.7003714824603409 0.01284366870093015 0.29383286523878377
  -2.1706415662711693 -0.15483428969742086 -0.37464654508027323
  0.8274718372856503 0.08233891590291102 -0.5656376848434942
  0.5138632899495408]]


CORRELATION MATRIX


[[1.0 0.00583431283000513 -0.018997125156874677 -0.030774257803013832
  0.02062461265934862 0.006406306186972136 0.16665617352683962
  -0.04761757163661485 -0.10469267837602352 0.11770916114214892
  0.18367604782133215 0.099148327864873 -0.06419908085249737
  -0.064971983451427 0.2069965525509872 -0.17005447915693564]
 [0.00583431283000513 1.0 -0.02026592301770057 -0.0042375150326389496
  -0.012195274612079138 -0.01827449031889368 0.03267766751888537
  -0.012572992171241448 0.05155331769614608 0.06385927209818679
  -0.010796739737380571 0.028802742890274423 0.11192326526033447
  -0.030230901852590714 -0.010340308436757902 -0.0007774242124508839]
 [-0.018997125156874677 -0.02026592301770057 1.0 -0.023412884921936175
  0.017460755096905797 0.0018708659135627632 0.034440301023236454
  -0.012390050226772373 0.013894659343146484 -0.02168359102781674
  -0.007636776344431787 -0.01403623660468939 -0.028980801659499244
  0.03986370752607537 -0.016919515998872044 -0.017480087287075254]
 [-0.030774257803013832 -0.0042375150326389496 -0.023412884921936175 1.0
  -0.029223164399446878 -0.007200116246558021 -0.022917109417857424
  -0.006712112131246823 -0.008690114455607426 0.02526799188739625
  -0.01114098233697238 -0.01452334020744517 -0.03205030895075173
  0.1756766577014331 -0.020836985149382013 0.2231878272107763]
 [0.02062461265934862 -0.012195274612079138 0.017460755096905797
  -0.029223164399446878 1.0 -0.03099930003960484 -0.01382736653579464
  0.001643507179131473 -0.01793220421660441 -0.012974915750219076
  -0.007963913139737298 -0.010840892406388162 -0.021945415975758897
  -0.020883926602076438 -0.0023776588117527787 -0.0020256997995706663]
 [0.006406306186972136 -0.01827449031889368 0.0018708659135627632
  -0.007200116246558021 -0.03099930003960484 1.0 -0.05460694708734122
  -0.013212489109732271 -0.02251205288940011 -0.02456405349374545
  -0.0145286333542119 -0.010321204870301774 -0.017298508737545838
  0.21162210519016736 -0.03255478341725479 0.005721504065745888]
 [0.16665617352683962 0.03267766751888537 0.034440301023236454
  -0.022917109417857424 -0.01382736653579464 -0.05460694708734122 1.0
  -0.054530307157737684 -0.013345034232501734 0.30794656047116253
  0.008185223294894664 0.057933851326386815 -0.0031402026803907584
  -0.021750212785464917 0.07191329088065174 -0.04594513208188791]
 [-0.04761757163661485 -0.012572992171241448 -0.012390050226772373
  -0.006712112131246823 0.001643507179131473 -0.013212489109732271
  -0.054530307157737684 1.0 -0.01925421132175689 0.17651524189856554
  -0.013851263325035062 -0.000609012076222346 -0.02836648270625057
  -0.006521735112635937 -0.024281349152448173 0.011379049062235276]
 [-0.10469267837602352 0.05155331769614608 0.013894659343146484
  -0.008690114455607426 -0.01793220421660441 -0.02251205288940011
  -0.013345034232501734 -0.01925421132175689 1.0 -0.07651535978215132
  -0.010911989848152724 0.0997124783037786 -0.00208128415973053
  0.0773749424001734 -0.05068953906195851 0.0856679375190047]
 [0.11770916114214892 0.06385927209818679 -0.02168359102781674
  0.02526799188739625 -0.012974915750219076 -0.02456405349374545
  0.30794656047116253 0.17651524189856554 -0.07651535978215132 1.0
  -0.027492234578551638 0.019571399773863712 0.12594482859550282
  -0.057491096579433305 0.07342667977226554 -0.04907981314492588]
 [0.18367604782133215 -0.010796739737380571 -0.007636776344431787
  -0.01114098233697238 -0.007963913139737298 -0.0145286333542119
  0.008185223294894664 -0.013851263325035062 -0.010911989848152724
  -0.027492234578551638 1.0 -0.015577532512803114 -0.029748404116633223
  -0.008878429050656712 0.014551654536717779 -0.014835988749739033]
 [0.099148327864873 0.028802742890274423 -0.01403623660468939
  -0.01452334020744517 -0.010840892406388162 -0.010321204870301774
  0.057933851326386815 -0.000609012076222346 0.0997124783037786
  0.019571399773863712 -0.015577532512803114 1.0 -0.05698932896999132
  -0.028116592172146897 0.02666549994118651 -0.02755137751152062]
 [-0.06419908085249737 0.11192326526033447 -0.028980801659499244
  -0.03205030895075173 -0.021945415975758897 -0.017298508737545838
  -0.0031402026803907584 -0.02836648270625057 -0.00208128415973053
  0.12594482859550282 -0.029748404116633223 -0.05698932896999132 1.0
  -0.07507449702480853 -0.03844787839258055 0.03977015755909757]
 [-0.064971983451427 -0.030230901852590714 0.03986370752607537
  0.1756766577014331 -0.020883926602076438 0.21162210519016736
  -0.021750212785464917 -0.006521735112635937 0.0773749424001734
  -0.057491096579433305 -0.008878429050656712 -0.028116592172146897
  -0.07507449702480853 1.0 -0.05057345974369956 0.019306995031824793]
 [0.2069965525509872 -0.010340308436757902 -0.016919515998872044
  -0.020836985149382013 -0.0023776588117527787 -0.03255478341725479
  0.07191329088065174 -0.024281349152448173 -0.05068953906195851
  0.07342667977226554 0.014551654536717779 0.02666549994118651
  -0.03844787839258055 -0.05057345974369956 1.0 -0.09922132112174514]
 [-0.17005447915693564 -0.0007774242124508839 -0.017480087287075254
  0.2231878272107763 -0.0020256997995706663 0.005721504065745888
  -0.04594513208188791 0.011379049062235276 0.0856679375190047
  -0.04907981314492588 -0.014835988749739033 -0.02755137751152062
  0.03977015755909757 0.019306995031824793 -0.09922132112174514 1.0]]
